00037ea8-42ba-11f0-81bf-0a58a9feac02,e7123204-42af-11f0-b8f1-0a58a9feac02
0106e840-1753-11f0-88c2-0a58a9feac02,618ef2a0-b1bb-11ef-ab9b-0a58a9feac02
014fe684-12e0-11f0-b7af-0a58a9feac02,014f86bc-12e0-11f0-b7af-0a58a9feac02
015dd454-2b47-11f0-976f-0a58a9feac02,19fe0ed2-2b44-11f0-976f-0a58a9feac02
029f77d2-42fd-11f0-b8f1-0a58a9feac02,029f156c-42fd-11f0-b8f1-0a58a9feac02
02c13d96-4301-11f0-882a-0a58a9feac02,02c0dffe-4301-11f0-882a-0a58a9feac02
03f90f18-429d-11f0-9c0b-0a58a9feac02,83ff5a92-4238-11f0-8b29-0a58a9feac02
0458a230-4323-11f0-8b29-0a58a9feac02,bd493922-4322-11f0-882a-0a58a9feac02
054d46b6-42ef-11f0-8b29-0a58a9feac02,3f849726-42e0-11f0-8b29-0a58a9feac02
05762dce-2913-11f0-ab49-0a58a9feac02,6f2ef8ae-28e1-11f0-8e2e-0a58a9feac02
06322768-42ea-11f0-9c0b-0a58a9feac02,d5668c68-42e0-11f0-81bf-0a58a9feac02
068d80a8-299b-11f0-ab49-0a58a9feac02,75aa4d26-1b87-11f0-ab2b-0a58a9feac02
06cf0f88-431c-11f0-8b29-0a58a9feac02,06ceafd4-431c-11f0-8b29-0a58a9feac02
06fa74fe-42d4-11f0-9c0b-0a58a9feac02,06fa1950-42d4-11f0-9c0b-0a58a9feac02
07f2de98-4296-11f0-882a-0a58a9feac02,f1c3e97c-4282-11f0-9c0b-0a58a9feac02
08a31ece-42b5-11f0-b8f1-0a58a9feac02,46069b1c-42b3-11f0-81bf-0a58a9feac02
08ced5b4-42b5-11f0-b8f1-0a58a9feac02,46069b1c-42b3-11f0-81bf-0a58a9feac02
08d96f5c-308f-11f0-976f-0a58a9feac02,05660d7c-308e-11f0-9319-0a58a9feac02
09d195e8-1f8b-11f0-ab2b-0a58a9feac02,09d12400-1f8b-11f0-ab2b-0a58a9feac02
0a1aec8a-42cb-11f0-8b29-0a58a9feac02,0a1a9172-42cb-11f0-8b29-0a58a9feac02
0a25fb9c-42bd-11f0-9c0b-0a58a9feac02,bfcc4448-42bc-11f0-9c0b-0a58a9feac02
0ab3cd58-4323-11f0-9c0b-0a58a9feac02,38b5fd14-4320-11f0-9c0b-0a58a9feac02
0abbfc8a-4328-11f0-8b29-0a58a9feac02,0abba01e-4328-11f0-8b29-0a58a9feac02
0ac220dc-42e3-11f0-b8f1-0a58a9feac02,d5668c68-42e0-11f0-81bf-0a58a9feac02
0b2b0448-42a8-11f0-9c0b-0a58a9feac02,4d63ac78-429b-11f0-9c0b-0a58a9feac02
0b30552e-42a8-11f0-9c0b-0a58a9feac02,4d63ac78-429b-11f0-9c0b-0a58a9feac02
0cca6e98-6ae9-11ef-ae41-0a58a9feac02,0cc6e750-6ae9-11ef-ae41-0a58a9feac02
0d81bf34-3164-11f0-8e2e-0a58a9feac02,81308492-1526-11f0-ac05-0a58a9feac02
0e082d46-42a1-11f0-b8f1-0a58a9feac02,1e0750ac-4295-11f0-882a-0a58a9feac02
0e10ea5a-4290-11f0-81bf-0a58a9feac02,0e108b28-4290-11f0-81bf-0a58a9feac02
0e1bbdce-5a68-11ef-9d67-0a58a9feac02,0e19a0fc-5a68-11ef-9d67-0a58a9feac02
0edee24e-3a06-11f0-b8f1-0a58a9feac02,d3ec99e2-364f-11f0-81bf-0a58a9feac02
0f019e84-4301-11f0-882a-0a58a9feac02,706f998c-42cf-11f0-9c0b-0a58a9feac02
0f5691e0-4208-11f0-81bf-0a58a9feac02,1e188b00-3652-11f0-882a-0a58a9feac02
105b6a6c-42e8-11f0-8b29-0a58a9feac02,105b1026-42e8-11f0-8b29-0a58a9feac02
10733372-4289-11f0-8b29-0a58a9feac02,1072d4f4-4289-11f0-8b29-0a58a9feac02
108baad6-370a-11f0-882a-0a58a9feac02,62a6bca2-36e7-11f0-81bf-0a58a9feac02
11b24014-4286-11f0-882a-0a58a9feac02,f1c3e97c-4282-11f0-9c0b-0a58a9feac02
12374008-42d5-11f0-8b29-0a58a9feac02,f8a08bdc-42d3-11f0-81bf-0a58a9feac02
12f2fc4c-3e8b-11f0-8b29-0a58a9feac02,f48aca72-0fba-11f0-88c2-0a58a9feac02
130d4ffa-6ae9-11ef-ae41-0a58a9feac02,130b2928-6ae9-11ef-ae41-0a58a9feac02
1349e182-7425-11ef-8057-0a58a9feac02,1347591c-7425-11ef-8057-0a58a9feac02
13ad23ea-5a68-11ef-b754-0a58a9feac02,13aa89f0-5a68-11ef-b754-0a58a9feac02
1404ae44-41d0-11f0-8b29-0a58a9feac02,0c7d2fc2-1a5a-11f0-8f48-0a58a9feac02
1501daa2-0bd8-11f0-b7af-0a58a9feac02,15017d00-0bd8-11f0-b7af-0a58a9feac02
1680ad8c-10c8-11f0-8f48-0a58a9feac02,1680478e-10c8-11f0-8f48-0a58a9feac02
16b5f030-42bb-11f0-8b29-0a58a9feac02,d8290908-42b8-11f0-b8f1-0a58a9feac02
172c6062-428e-11f0-81bf-0a58a9feac02,172bf820-428e-11f0-81bf-0a58a9feac02
1731ce08-1f7f-11f0-a049-0a58a9feac02,17316a62-1f7f-11f0-a049-0a58a9feac02
17bc5862-3c61-11f0-81bf-0a58a9feac02,00ce8a56-2372-11f0-a1ce-0a58a9feac02
17f6a19e-4313-11f0-8b29-0a58a9feac02,86717bea-4312-11f0-882a-0a58a9feac02
17fcacea-4301-11f0-882a-0a58a9feac02,7f10619c-42cf-11f0-9c0b-0a58a9feac02
18dbf07c-7425-11ef-bc51-0a58a9feac02,18d9e3e0-7425-11ef-bc51-0a58a9feac02
191cb6ca-42e7-11f0-9c0b-0a58a9feac02,a4fb22a4-42e6-11f0-b8f1-0a58a9feac02
192516a6-42d5-11f0-b8f1-0a58a9feac02,f3a5c732-42d3-11f0-8b29-0a58a9feac02
1964ef62-3a3b-11f0-882a-0a58a9feac02,d6e3b4e2-3a36-11f0-882a-0a58a9feac02
19cd14d4-42f1-11f0-b8f1-0a58a9feac02,cdb1d00e-42ef-11f0-9c0b-0a58a9feac02
1a93ac1c-42b4-11f0-b8f1-0a58a9feac02,e7123204-42af-11f0-b8f1-0a58a9feac02
1abc056e-42f9-11f0-882a-0a58a9feac02,1abba894-42f9-11f0-882a-0a58a9feac02
1b9f0c4e-429d-11f0-882a-0a58a9feac02,1b9eb2d0-429d-11f0-882a-0a58a9feac02
1d396446-431f-11f0-882a-0a58a9feac02,c0e72a6e-431b-11f0-8b29-0a58a9feac02
1d8b99f0-42f2-11f0-b8f1-0a58a9feac02,1d8b3abe-42f2-11f0-b8f1-0a58a9feac02
1dc42af8-42d5-11f0-8b29-0a58a9feac02,1dc3c64e-42d5-11f0-8b29-0a58a9feac02
1e07ac5a-4295-11f0-882a-0a58a9feac02,1e0750ac-4295-11f0-882a-0a58a9feac02
1e4c91ac-2045-11f0-9e35-0a58a9feac02,1e4c2424-2045-11f0-9e35-0a58a9feac02
1e8f4766-42c0-11f0-9c0b-0a58a9feac02,25f35ba2-42be-11f0-9c0b-0a58a9feac02
1ece4916-299d-11f0-ab49-0a58a9feac02,dcde6262-0a51-11f0-b7af-0a58a9feac02
1f7465a4-92ca-11ef-b0c7-0a58a9feac02,1f723626-92ca-11ef-b0c7-0a58a9feac02
1fc01010-4299-11f0-9c0b-0a58a9feac02,375057c2-4293-11f0-882a-0a58a9feac02
1fe83cde-4299-11f0-9c0b-0a58a9feac02,375057c2-4293-11f0-882a-0a58a9feac02
201a4bb2-4301-11f0-882a-0a58a9feac02,3a6c2f02-4073-11f0-8b29-0a58a9feac02
210f8a34-42b4-11f0-81bf-0a58a9feac02,75776e0c-ad4a-11ef-a448-0a58a9feac02
216634ce-153c-11f0-b7af-0a58a9feac02,2165d768-153c-11f0-b7af-0a58a9feac02
2179b0ac-1f83-11f0-ab2b-0a58a9feac02,21794aae-1f83-11f0-ab2b-0a58a9feac02
2192988c-3bc3-11ef-85e1-0a58a9feac02,21900e14-3bc3-11ef-85e1-0a58a9feac02
21af82d6-42a6-11f0-81bf-0a58a9feac02,c17c2e3c-4291-11f0-9c0b-0a58a9feac02
21c43894-1f87-11f0-ab2b-0a58a9feac02,21c3cf9e-1f87-11f0-ab2b-0a58a9feac02
21fe2a2c-42b9-11f0-b8f1-0a58a9feac02,71ec8948-ad4a-11ef-845d-0a58a9feac02
2268e496-5031-11ef-a884-0a58a9feac02,22660546-5031-11ef-a884-0a58a9feac02
22dbd95e-2ff3-11f0-a874-0a58a9feac02,22db9106-2ff3-11f0-a874-0a58a9feac02
24785a56-42d8-11f0-8b29-0a58a9feac02,2477f5ac-42d8-11f0-8b29-0a58a9feac02
248fcfa6-42a1-11f0-b8f1-0a58a9feac02,53a9af2e-42a0-11f0-9c0b-0a58a9feac02
24a16540-42a1-11f0-b8f1-0a58a9feac02,53a9af2e-42a0-11f0-9c0b-0a58a9feac02
251be2a2-3a4f-11f0-882a-0a58a9feac02,251b8a5a-3a4f-11f0-882a-0a58a9feac02
2521ab54-4140-11f0-81bf-0a58a9feac02,60608dda-413f-11f0-8b29-0a58a9feac02
255c1d8a-42c0-11f0-81bf-0a58a9feac02,255bc420-42c0-11f0-81bf-0a58a9feac02
25cac034-3bbb-11f0-882a-0a58a9feac02,f2726838-367c-11f0-8b29-0a58a9feac02
25f3b3d6-42be-11f0-9c0b-0a58a9feac02,25f35ba2-42be-11f0-9c0b-0a58a9feac02
26629304-92ca-11ef-984a-0a58a9feac02,266033a2-92ca-11ef-984a-0a58a9feac02
26929c2e-42cf-11f0-9c0b-0a58a9feac02,401e904e-429d-11f0-81bf-0a58a9feac02
2773caf2-42b4-11f0-b8f1-0a58a9feac02,41e2ab78-ad5f-11ef-90f2-0a58a9feac02
279582da-4301-11f0-b8f1-0a58a9feac02,279526be-4301-11f0-b8f1-0a58a9feac02
27acda3e-429d-11f0-9c0b-0a58a9feac02,27ac7e0e-429d-11f0-9c0b-0a58a9feac02
2833aafa-5031-11ef-a303-0a58a9feac02,2831a5ac-5031-11ef-a303-0a58a9feac02
28367dd2-2ff3-11f0-976f-0a58a9feac02,28362ab2-2ff3-11f0-976f-0a58a9feac02
288a2548-42c4-11f0-8b29-0a58a9feac02,e72ac02c-42bd-11f0-81bf-0a58a9feac02
28df2bd8-4297-11f0-9c0b-0a58a9feac02,1e0750ac-4295-11f0-882a-0a58a9feac02
292bc07e-42a6-11f0-882a-0a58a9feac02,d810a3d0-42a5-11f0-9c0b-0a58a9feac02
29557aa4-42d8-11f0-81bf-0a58a9feac02,29551fe6-42d8-11f0-81bf-0a58a9feac02
29ae0818-856e-11ef-a193-0a58a9feac02,29ab9dbc-856e-11ef-a193-0a58a9feac02
29b0d3c6-42e8-11f0-b8f1-0a58a9feac02,29b07976-42e8-11f0-b8f1-0a58a9feac02
2a6e7fca-42c0-11f0-8b29-0a58a9feac02,2a6e25d4-42c0-11f0-8b29-0a58a9feac02
2c94bdb6-4291-11f0-882a-0a58a9feac02,0e108b28-4290-11f0-81bf-0a58a9feac02
2c95e372-429a-11f0-9c0b-0a58a9feac02,dc9e82c0-4299-11f0-9c0b-0a58a9feac02
2d4c13ee-4309-11f0-8b29-0a58a9feac02,2d4bb642-4309-11f0-8b29-0a58a9feac02
2e2397b4-42d8-11f0-882a-0a58a9feac02,2e233e90-42d8-11f0-882a-0a58a9feac02
2e56b5fc-3560-11f0-9c0b-0a58a9feac02,2e56608e-3560-11f0-9c0b-0a58a9feac02
2ea10fae-42fc-11f0-882a-0a58a9feac02,e55591da-42fb-11f0-882a-0a58a9feac02
2eb4d6ce-4301-11f0-b8f1-0a58a9feac02,cded9890-4205-11f0-8b29-0a58a9feac02
2f4ad138-4293-11f0-81bf-0a58a9feac02,89c6fe16-4284-11f0-882a-0a58a9feac02
2fb494c8-428a-11f0-9c0b-0a58a9feac02,82216288-4288-11f0-8b29-0a58a9feac02
2fe34ad6-856e-11ef-a50c-0a58a9feac02,2fe0eeee-856e-11ef-a50c-0a58a9feac02
30176bbe-42c3-11f0-8b29-0a58a9feac02,ba419b84-4291-11f0-882a-0a58a9feac02
302573e8-42d8-11f0-81bf-0a58a9feac02,0a1a9172-42cb-11f0-8b29-0a58a9feac02
30dd30b6-42d6-11f0-b8f1-0a58a9feac02,30dcd3e6-42d6-11f0-b8f1-0a58a9feac02
3106414e-3bde-11f0-81bf-0a58a9feac02,cd4f4ca4-3bdd-11f0-b8f1-0a58a9feac02
317268f2-203a-11f0-a049-0a58a9feac02,99411540-1f78-11f0-b0e8-0a58a9feac02
321cc096-432a-11f0-8b29-0a58a9feac02,321bd7ee-432a-11f0-8b29-0a58a9feac02
3256b53a-432a-11f0-8b29-0a58a9feac02,321bd7ee-432a-11f0-8b29-0a58a9feac02
328a593c-39f0-11f0-882a-0a58a9feac02,328a0072-39f0-11f0-882a-0a58a9feac02
32efd808-413d-11f0-8b29-0a58a9feac02,841a1284-4138-11f0-882a-0a58a9feac02
34706dd6-42a1-11f0-882a-0a58a9feac02,6c833bd2-429b-11f0-9c0b-0a58a9feac02
347ef838-42a1-11f0-882a-0a58a9feac02,6c833bd2-429b-11f0-9c0b-0a58a9feac02
3483c502-42a1-11f0-882a-0a58a9feac02,6c833bd2-429b-11f0-9c0b-0a58a9feac02
34a38d64-432e-11f0-8b29-0a58a9feac02,ac668fac-432b-11f0-8b29-0a58a9feac02
34a91052-42a9-11f0-9c0b-0a58a9feac02,d810a3d0-42a5-11f0-9c0b-0a58a9feac02
3543d2f2-4314-11f0-882a-0a58a9feac02,35437604-4314-11f0-882a-0a58a9feac02
354b7bc8-42cf-11f0-b8f1-0a58a9feac02,4a486b1c-429d-11f0-9c0b-0a58a9feac02
35ade200-856e-11ef-a193-0a58a9feac02,35a936ba-856e-11ef-a193-0a58a9feac02
36778cbe-42c3-11f0-81bf-0a58a9feac02,ed681a0c-42c2-11f0-8b29-0a58a9feac02
3750bdb6-4293-11f0-882a-0a58a9feac02,375057c2-4293-11f0-882a-0a58a9feac02
3760e39e-4293-11f0-882a-0a58a9feac02,375057c2-4293-11f0-882a-0a58a9feac02
3784018a-428e-11f0-8b29-0a58a9feac02,37839c86-428e-11f0-8b29-0a58a9feac02
37b5ad70-42a2-11f0-9c0b-0a58a9feac02,37b55438-42a2-11f0-9c0b-0a58a9feac02
37bb0d68-428b-11f0-8b29-0a58a9feac02,f1c3e97c-4282-11f0-9c0b-0a58a9feac02
38171fc2-40a6-11f0-9c0b-0a58a9feac02,3816c522-40a6-11f0-9c0b-0a58a9feac02
386097b4-42fa-11f0-882a-0a58a9feac02,38603bfc-42fa-11f0-882a-0a58a9feac02
389b846a-42ef-11f0-9c0b-0a58a9feac02,c9c2d784-3694-11f0-882a-0a58a9feac02
38b66272-4320-11f0-9c0b-0a58a9feac02,38b5fd14-4320-11f0-9c0b-0a58a9feac02
38effe1c-63d6-11ef-9ca2-0a58a9feac02,38ed9820-63d6-11ef-9ca2-0a58a9feac02
3971ecf6-42ab-11f0-9c0b-0a58a9feac02,39719008-42ab-11f0-9c0b-0a58a9feac02
39752562-42e0-11f0-81bf-0a58a9feac02,3974c702-42e0-11f0-81bf-0a58a9feac02
39bf7f10-42d4-11f0-9c0b-0a58a9feac02,f3a5c732-42d3-11f0-8b29-0a58a9feac02
39e9e1a4-42ae-11f0-81bf-0a58a9feac02,f2f67532-42ad-11f0-b8f1-0a58a9feac02
3a0a529a-38c2-11f0-9c0b-0a58a9feac02,3a09f32c-38c2-11f0-9c0b-0a58a9feac02
3a6c8c40-4073-11f0-8b29-0a58a9feac02,3a6c2f02-4073-11f0-8b29-0a58a9feac02
3a9d8b1c-4314-11f0-b8f1-0a58a9feac02,3a9d2848-4314-11f0-b8f1-0a58a9feac02
3aa8a4a8-299b-11f0-8e2e-0a58a9feac02,0af5c156-1b76-11f0-9e35-0a58a9feac02
3ae9643c-34ba-11f0-8b29-0a58a9feac02,3ae90ea6-34ba-11f0-8b29-0a58a9feac02
3b6d101a-3565-11f0-8b29-0a58a9feac02,3b6cbb06-3565-11f0-8b29-0a58a9feac02
3bb83010-856e-11ef-a50c-0a58a9feac02,3bb46282-856e-11ef-a50c-0a58a9feac02
3bd189b2-42d7-11f0-b8f1-0a58a9feac02,3bd17698-42d7-11f0-b8f1-0a58a9feac02
3cef0084-3c5d-11f0-b8f1-0a58a9feac02,9072ac60-2371-11f0-8217-0a58a9feac02
3cfa9fc2-a773-11ef-ab9b-0a58a9feac02,3cf87b20-a773-11ef-ab9b-0a58a9feac02
3d1c06d0-42d7-11f0-8b29-0a58a9feac02,3d1ba9f6-42d7-11f0-8b29-0a58a9feac02
3d2b60d0-3c5b-11f0-b8f1-0a58a9feac02,780b968c-236c-11f0-a1ce-0a58a9feac02
3d8ef40e-4301-11f0-8b29-0a58a9feac02,a2cb1e92-42cf-11f0-9c0b-0a58a9feac02
3d8f0962-8cb3-11ef-aca5-0a58a9feac02,3d8cce04-8cb3-11ef-aca5-0a58a9feac02
3e2ed63a-3222-11f0-a874-0a58a9feac02,f1570b80-30d1-11f0-ab49-0a58a9feac02
3e565754-40a6-11f0-b8f1-0a58a9feac02,3e55f390-40a6-11f0-b8f1-0a58a9feac02
3e5bcee4-42ba-11f0-9c0b-0a58a9feac02,3e5b6c06-42ba-11f0-9c0b-0a58a9feac02
3ea29ece-42e1-11f0-9c0b-0a58a9feac02,3ea2280e-42e1-11f0-9c0b-0a58a9feac02
3ea670fe-3147-11f0-9319-0a58a9feac02,61661f06-ad4c-11ef-a448-0a58a9feac02
3edc7c7e-cd2b-11ef-bc79-0a58a9feac02,3eda35b8-cd2b-11ef-bc79-0a58a9feac02
3f388046-3801-11f0-b8f1-0a58a9feac02,83338156-2d98-11f0-976f-0a58a9feac02
3f3cf146-42e0-11f0-9c0b-0a58a9feac02,ecdddc3a-42da-11f0-81bf-0a58a9feac02
3f84eb22-42e0-11f0-8b29-0a58a9feac02,3f849726-42e0-11f0-8b29-0a58a9feac02
3fe047d4-367d-11f0-8b29-0a58a9feac02,3fdff1e4-367d-11f0-8b29-0a58a9feac02
401ee9fe-429d-11f0-81bf-0a58a9feac02,401e904e-429d-11f0-81bf-0a58a9feac02
40b9c71a-42ae-11f0-b8f1-0a58a9feac02,b08f6cf8-42ad-11f0-81bf-0a58a9feac02
416521de-42ac-11f0-882a-0a58a9feac02,6c833bd2-429b-11f0-9c0b-0a58a9feac02
4173561e-42e8-11f0-b8f1-0a58a9feac02,3f849726-42e0-11f0-8b29-0a58a9feac02
417854de-42ac-11f0-882a-0a58a9feac02,6c833bd2-429b-11f0-9c0b-0a58a9feac02
4179105a-4314-11f0-8b29-0a58a9feac02,4178b132-4314-11f0-8b29-0a58a9feac02
41897dc8-42ec-11f0-9c0b-0a58a9feac02,41891cb6-42ec-11f0-9c0b-0a58a9feac02
419d5d92-42ac-11f0-882a-0a58a9feac02,6c833bd2-429b-11f0-9c0b-0a58a9feac02
41b3ae68-2a73-11f0-8e2e-0a58a9feac02,41b3597c-2a73-11f0-8e2e-0a58a9feac02
429f30be-4287-11f0-8b29-0a58a9feac02,fdcc0106-4286-11f0-8b29-0a58a9feac02
431b4f20-4140-11f0-8b29-0a58a9feac02,aa44f252-413e-11f0-882a-0a58a9feac02
4351c7ee-4316-11f0-882a-0a58a9feac02,43516114-4316-11f0-882a-0a58a9feac02
438bf310-4316-11f0-882a-0a58a9feac02,43516114-4316-11f0-882a-0a58a9feac02
43f4b938-4305-11f0-8b29-0a58a9feac02,43f45af6-4305-11f0-8b29-0a58a9feac02
446908ac-42a0-11f0-81bf-0a58a9feac02,4468acf4-42a0-11f0-81bf-0a58a9feac02
44997aac-42f8-11f0-8b29-0a58a9feac02,449915bc-42f8-11f0-8b29-0a58a9feac02
44c84060-1f8c-11f0-8a87-0a58a9feac02,44c7cf04-1f8c-11f0-8a87-0a58a9feac02
44d7b020-1f8e-11f0-8a87-0a58a9feac02,44d72f4c-1f8e-11f0-8a87-0a58a9feac02
453eb828-2b4c-11f0-9319-0a58a9feac02,f381af86-2b4b-11f0-976f-0a58a9feac02
4579ffe8-42bf-11f0-81bf-0a58a9feac02,fba2ce4a-42be-11f0-8b29-0a58a9feac02
45d9ff64-42ac-11f0-81bf-0a58a9feac02,f917ab06-429f-11f0-882a-0a58a9feac02
460701ba-42b3-11f0-81bf-0a58a9feac02,46069b1c-42b3-11f0-81bf-0a58a9feac02
465d30bc-42b3-11f0-81bf-0a58a9feac02,46069b1c-42b3-11f0-81bf-0a58a9feac02
4660d88e-42a4-11f0-882a-0a58a9feac02,6c833bd2-429b-11f0-9c0b-0a58a9feac02
468f48ae-42a4-11f0-882a-0a58a9feac02,6c833bd2-429b-11f0-9c0b-0a58a9feac02
4693c4ba-42a4-11f0-882a-0a58a9feac02,6c833bd2-429b-11f0-9c0b-0a58a9feac02
46a11f9a-0675-11f0-9201-0a58a9feac02,46a03ca6-0675-11f0-9201-0a58a9feac02
46a8510e-42dc-11f0-9c0b-0a58a9feac02,2e6f9b88-42dc-11f0-8b29-0a58a9feac02
46ec257e-42e5-11f0-9c0b-0a58a9feac02,b404e804-42e4-11f0-b8f1-0a58a9feac02
472de55c-4297-11f0-882a-0a58a9feac02,f1c3e97c-4282-11f0-9c0b-0a58a9feac02
47a53c26-42ae-11f0-81bf-0a58a9feac02,b1fd0e82-429f-11f0-9c0b-0a58a9feac02
47e6a7dc-8edc-11ef-b4de-0a58a9feac02,47e451c6-8edc-11ef-b4de-0a58a9feac02
480dd270-4292-11f0-9c0b-0a58a9feac02,480d78de-4292-11f0-9c0b-0a58a9feac02
48692388-3a53-11f0-882a-0a58a9feac02,ca3a654a-1fd0-11f0-a049-0a58a9feac02
48dfcd34-2a73-11f0-ab49-0a58a9feac02,48df7708-2a73-11f0-ab49-0a58a9feac02
4a48c1b6-429d-11f0-9c0b-0a58a9feac02,4a486b1c-429d-11f0-9c0b-0a58a9feac02
4a645e2c-4206-11f0-8b29-0a58a9feac02,5fa338fe-41d3-11f0-8b29-0a58a9feac02
4add68d6-416f-11f0-81bf-0a58a9feac02,4add044a-416f-11f0-81bf-0a58a9feac02
4afb51d2-4301-11f0-8b29-0a58a9feac02,b17b2568-42cf-11f0-b8f1-0a58a9feac02
4b50a9ec-42cb-11f0-8b29-0a58a9feac02,25f35ba2-42be-11f0-9c0b-0a58a9feac02
4c3820d2-42e5-11f0-b8f1-0a58a9feac02,4c37c178-42e5-11f0-b8f1-0a58a9feac02
4c38a3ac-4323-11f0-9c0b-0a58a9feac02,c0e72a6e-431b-11f0-8b29-0a58a9feac02
4cf0e0f4-42ea-11f0-9c0b-0a58a9feac02,d5668c68-42e0-11f0-81bf-0a58a9feac02
4cff6030-42fd-11f0-882a-0a58a9feac02,029f156c-42fd-11f0-b8f1-0a58a9feac02
4d640312-429b-11f0-9c0b-0a58a9feac02,4d63ac78-429b-11f0-9c0b-0a58a9feac02
4dd3f90a-25b9-11f0-8217-0a58a9feac02,4dd35040-25b9-11f0-8217-0a58a9feac02
4e4cf74e-4295-11f0-882a-0a58a9feac02,f1c3e97c-4282-11f0-9c0b-0a58a9feac02
4e4dc2fa-42ae-11f0-b8f1-0a58a9feac02,aa7f4f18-42ad-11f0-b8f1-0a58a9feac02
4e79a0b8-8edc-11ef-b0c7-0a58a9feac02,4e77108c-8edc-11ef-b0c7-0a58a9feac02
4ed2874e-42e3-11f0-b8f1-0a58a9feac02,4ed22dbc-42e3-11f0-b8f1-0a58a9feac02
4f2bc0ae-42d7-11f0-b8f1-0a58a9feac02,f3a5c732-42d3-11f0-8b29-0a58a9feac02
4f35ec4e-9393-11ef-984a-0a58a9feac02,4f33845e-9393-11ef-984a-0a58a9feac02
4f56c002-24f4-11f0-9be1-0a58a9feac02,4f564fe6-24f4-11f0-9be1-0a58a9feac02
5095cc7e-42b8-11f0-b8f1-0a58a9feac02,2c1a4622-42b8-11f0-81bf-0a58a9feac02
517a8e5c-3fd1-11f0-882a-0a58a9feac02,8ae94a8a-3fd0-11f0-b8f1-0a58a9feac02
51852984-4323-11f0-8b29-0a58a9feac02,5184c674-4323-11f0-8b29-0a58a9feac02
51b514b4-3d29-11f0-81bf-0a58a9feac02,51b4b50a-3d29-11f0-81bf-0a58a9feac02
52103a56-4292-11f0-882a-0a58a9feac02,f1c3e97c-4282-11f0-9c0b-0a58a9feac02
52965c70-42cf-11f0-9c0b-0a58a9feac02,5295fdd4-42cf-11f0-9c0b-0a58a9feac02
53aa0dde-42a0-11f0-9c0b-0a58a9feac02,53a9af2e-42a0-11f0-9c0b-0a58a9feac02
54336594-c810-11ef-bc79-0a58a9feac02,542cc8ce-c810-11ef-bc79-0a58a9feac02
545e56d6-42aa-11f0-882a-0a58a9feac02,b1fd0e82-429f-11f0-9c0b-0a58a9feac02
54f49c54-3bb1-11f0-9c0b-0a58a9feac02,f486fd92-3bad-11f0-8b29-0a58a9feac02
54fe9046-63d6-11ef-ac31-0a58a9feac02,54fc2ebe-63d6-11ef-ac31-0a58a9feac02
55118658-4290-11f0-81bf-0a58a9feac02,82216288-4288-11f0-8b29-0a58a9feac02
564a682a-9393-11ef-b0c7-0a58a9feac02,56486d2c-9393-11ef-b0c7-0a58a9feac02
56688f50-3a3a-11f0-81bf-0a58a9feac02,5668351e-3a3a-11f0-81bf-0a58a9feac02
5683b0ba-24f4-11f0-b11a-0a58a9feac02,56834472-24f4-11f0-b11a-0a58a9feac02
5783a52a-3c59-11f0-b8f1-0a58a9feac02,22a1bd70-2362-11f0-b11a-0a58a9feac02
57a0ff2e-42d7-11f0-882a-0a58a9feac02,30dcd3e6-42d6-11f0-b8f1-0a58a9feac02
5819f8c4-0f25-11f0-88c2-0a58a9feac02,581994ec-0f25-11f0-88c2-0a58a9feac02
584a935c-42e8-11f0-9c0b-0a58a9feac02,b404e804-42e4-11f0-b8f1-0a58a9feac02
589cb480-3c5c-11f0-882a-0a58a9feac02,fc88dbfa-2370-11f0-8217-0a58a9feac02
58ddaa9e-37cf-11f0-b8f1-0a58a9feac02,58dd4e78-37cf-11f0-b8f1-0a58a9feac02
5994a700-42f4-11f0-8b29-0a58a9feac02,59943f0e-42f4-11f0-8b29-0a58a9feac02
5a3558e8-34a4-11f0-882a-0a58a9feac02,dfffba06-243f-11f0-a1ce-0a58a9feac02
5a713f28-1d31-11f0-b0e8-0a58a9feac02,d004c42c-0a48-11f0-88c2-0a58a9feac02
5a90b902-4301-11f0-8b29-0a58a9feac02,c546b9f4-42cf-11f0-9c0b-0a58a9feac02
5a974b10-4201-11f0-9c0b-0a58a9feac02,5a96ef76-4201-11f0-9c0b-0a58a9feac02
5b108570-42a1-11f0-b8f1-0a58a9feac02,1e0750ac-4295-11f0-882a-0a58a9feac02
5b125e06-4317-11f0-8b29-0a58a9feac02,43516114-4316-11f0-882a-0a58a9feac02
5b9e075a-3a50-11f0-8b29-0a58a9feac02,79dfaa4c-3038-11f0-976f-0a58a9feac02
5ba642f6-4290-11f0-9c0b-0a58a9feac02,0e108b28-4290-11f0-81bf-0a58a9feac02
5bf82570-4034-11f0-81bf-0a58a9feac02,1ea68cea-3042-11f0-976f-0a58a9feac02
5cdc4e2e-42bb-11f0-9c0b-0a58a9feac02,5cdbf500-42bb-11f0-9c0b-0a58a9feac02
5d18ca86-36f2-11f0-81bf-0a58a9feac02,5d187428-36f2-11f0-81bf-0a58a9feac02
5d80fd02-9393-11ef-984a-0a58a9feac02,5d7e7942-9393-11ef-984a-0a58a9feac02
5de40544-4317-11f0-8b29-0a58a9feac02,43516114-4316-11f0-882a-0a58a9feac02
5fb63820-42a8-11f0-81bf-0a58a9feac02,cbf68b80-42a7-11f0-9c0b-0a58a9feac02
5ff70144-42c5-11f0-9c0b-0a58a9feac02,5ff6a08c-42c5-11f0-9c0b-0a58a9feac02
60f13a72-6924-11ef-abce-0a58a9feac02,60ee84bc-6924-11ef-abce-0a58a9feac02
615643f0-42da-11f0-b8f1-0a58a9feac02,30dcd3e6-42d6-11f0-b8f1-0a58a9feac02
61c3221e-42cf-11f0-8b29-0a58a9feac02,4add044a-416f-11f0-81bf-0a58a9feac02
62adfc44-428e-11f0-81bf-0a58a9feac02,172bf820-428e-11f0-81bf-0a58a9feac02
632ffc60-34c1-11f0-b8f1-0a58a9feac02,ae193d2e-2993-11f0-9319-0a58a9feac02
6358bd94-42f9-11f0-8b29-0a58a9feac02,63584a80-42f9-11f0-8b29-0a58a9feac02
63f02676-2048-11f0-9e35-0a58a9feac02,63efad22-2048-11f0-9e35-0a58a9feac02
640bb406-2050-11f0-8a87-0a58a9feac02,640b4818-2050-11f0-8a87-0a58a9feac02
64d27cf6-42a8-11f0-9c0b-0a58a9feac02,64d21e50-42a8-11f0-9c0b-0a58a9feac02
6592649c-1636-11f0-b7af-0a58a9feac02,6592112c-1636-11f0-b7af-0a58a9feac02
65984f38-42b9-11f0-b8f1-0a58a9feac02,6597f042-42b9-11f0-b8f1-0a58a9feac02
66e2eedc-299d-11f0-8e2e-0a58a9feac02,70f9e1e4-13ba-11f0-b7af-0a58a9feac02
672ae522-41d3-11f0-882a-0a58a9feac02,672a882a-41d3-11f0-882a-0a58a9feac02
673cd99a-6924-11ef-ac31-0a58a9feac02,673a892e-6924-11ef-ac31-0a58a9feac02
67815478-42f2-11f0-b8f1-0a58a9feac02,6780fb90-42f2-11f0-b8f1-0a58a9feac02
686410a6-4293-11f0-81bf-0a58a9feac02,ba419b84-4291-11f0-882a-0a58a9feac02
686b9efe-33e1-11f0-b8f1-0a58a9feac02,171221b8-a197-11ef-a448-0a58a9feac02
68bb64b0-1b69-11f0-9e35-0a58a9feac02,b5309a82-0a47-11f0-bb7e-0a58a9feac02
69f47328-580d-11ef-a8d9-0a58a9feac02,69f1e202-580d-11ef-a8d9-0a58a9feac02
6a43d6b0-428c-11f0-81bf-0a58a9feac02,6a4378be-428c-11f0-81bf-0a58a9feac02
6bb45cce-42a8-11f0-882a-0a58a9feac02,d810a3d0-42a5-11f0-9c0b-0a58a9feac02
6bc23eee-299d-11f0-ab49-0a58a9feac02,feac3efe-0a2a-11f0-ac05-0a58a9feac02
6c06f6a6-42c5-11f0-b8f1-0a58a9feac02,6c069152-42c5-11f0-b8f1-0a58a9feac02
6c1475c8-2363-11f0-b11a-0a58a9feac02,477a9bf2-2363-11f0-b11a-0a58a9feac02
6c2ae9d0-42c5-11f0-b8f1-0a58a9feac02,6c069152-42c5-11f0-b8f1-0a58a9feac02
6c83921c-429b-11f0-9c0b-0a58a9feac02,6c833bd2-429b-11f0-9c0b-0a58a9feac02
6c971706-429b-11f0-9c0b-0a58a9feac02,6c833bd2-429b-11f0-9c0b-0a58a9feac02
6cbca938-428e-11f0-8b29-0a58a9feac02,f1c3e97c-4282-11f0-9c0b-0a58a9feac02
6cea1822-42ee-11f0-9c0b-0a58a9feac02,a4fb22a4-42e6-11f0-b8f1-0a58a9feac02
6d0268c4-3ff0-11f0-8b29-0a58a9feac02,6d020758-3ff0-11f0-8b29-0a58a9feac02
6d098124-1f73-11f0-b0e8-0a58a9feac02,6d090ba4-1f73-11f0-b0e8-0a58a9feac02
6f0632aa-0f25-11f0-ac05-0a58a9feac02,6f05b550-0f25-11f0-ac05-0a58a9feac02
6f20e7b6-4293-11f0-8b29-0a58a9feac02,6f208974-4293-11f0-8b29-0a58a9feac02
6f54ab80-42d1-11f0-8b29-0a58a9feac02,6f545270-42d1-11f0-8b29-0a58a9feac02
6f7c09e4-42ba-11f0-8b29-0a58a9feac02,6f7ba490-42ba-11f0-8b29-0a58a9feac02
6f8d333c-18f7-11f0-ac05-0a58a9feac02,6f8cd7de-18f7-11f0-ac05-0a58a9feac02
6faeb726-42bb-11f0-8b29-0a58a9feac02,6fae5c68-42bb-11f0-8b29-0a58a9feac02
7017276a-18f0-11f0-ac05-0a58a9feac02,7016c1e4-18f0-11f0-ac05-0a58a9feac02
703febcc-42fe-11f0-8b29-0a58a9feac02,703f8ee8-42fe-11f0-8b29-0a58a9feac02
706ff954-42cf-11f0-9c0b-0a58a9feac02,706f998c-42cf-11f0-9c0b-0a58a9feac02
70af43cc-299b-11f0-8e2e-0a58a9feac02,908c279e-1930-11f0-b7af-0a58a9feac02
70e5012e-3c5b-11f0-b8f1-0a58a9feac02,2692905c-236d-11f0-8217-0a58a9feac02
718149d0-42f0-11f0-9c0b-0a58a9feac02,7180e724-42f0-11f0-9c0b-0a58a9feac02
71f48152-0100-11f0-829f-0a58a9feac02,75776e0c-ad4a-11ef-a448-0a58a9feac02
722ae8e6-2b26-11f0-976f-0a58a9feac02,2ef258c2-1a53-11f0-b7af-0a58a9feac02
72bf7928-4301-11f0-8b29-0a58a9feac02,72bf1316-4301-11f0-8b29-0a58a9feac02
72e7a9b8-1474-11f0-ac05-0a58a9feac02,06041080-1441-11f0-ac05-0a58a9feac02
730e644a-d374-11ef-abd9-0a58a9feac02,730b5426-d374-11ef-abd9-0a58a9feac02
7387715e-42dd-11f0-b8f1-0a58a9feac02,73871006-42dd-11f0-b8f1-0a58a9feac02
73d2a006-42e8-11f0-b8f1-0a58a9feac02,cdcb0a6e-42e1-11f0-9c0b-0a58a9feac02
73fc69da-34b1-11f0-882a-0a58a9feac02,809796a2-2a79-11f0-9319-0a58a9feac02
754fe888-7004-11ef-bc51-0a58a9feac02,754d808e-7004-11ef-bc51-0a58a9feac02
75a38990-4293-11f0-9c0b-0a58a9feac02,c17c2e3c-4291-11f0-9c0b-0a58a9feac02
76152e80-34a4-11f0-882a-0a58a9feac02,f302a84e-0b0c-11f0-ac05-0a58a9feac02
763fa2f8-42fc-11f0-882a-0a58a9feac02,763f3d22-42fc-11f0-882a-0a58a9feac02
7694e692-42b0-11f0-b8f1-0a58a9feac02,d4b0b50c-42ac-11f0-8b29-0a58a9feac02
76e35f08-3ff3-11f0-882a-0a58a9feac02,109c5092-3ff3-11f0-8b29-0a58a9feac02
7745ec86-1528-11f0-88c2-0a58a9feac02,7b251e90-1518-11f0-8f48-0a58a9feac02
78858f28-42cf-11f0-8b29-0a58a9feac02,78853744-42cf-11f0-8b29-0a58a9feac02
79471758-34c2-11f0-b8f1-0a58a9feac02,1a444ee2-24e6-11f0-9be1-0a58a9feac02
798a9b3a-2a50-11f0-a874-0a58a9feac02,9e1905f6-29b8-11f0-9319-0a58a9feac02
7a334230-4283-11f0-882a-0a58a9feac02,7a3330b0-4283-11f0-882a-0a58a9feac02
7a48f95c-6f6d-11ef-8057-0a58a9feac02,7a46c16e-6f6d-11ef-8057-0a58a9feac02
7a524e22-3d2a-11f0-8b29-0a58a9feac02,193b62d8-1938-11f0-8f48-0a58a9feac02
7a9bacba-431b-11f0-9c0b-0a58a9feac02,84deb502-4319-11f0-882a-0a58a9feac02
7bb78df6-413d-11f0-81bf-0a58a9feac02,200a3f4a-36d3-11f0-81bf-0a58a9feac02
7c2900d6-20f3-11f0-9e35-0a58a9feac02,7c2890a6-20f3-11f0-9e35-0a58a9feac02
7c68487c-20f3-11f0-9e35-0a58a9feac02,7c2890a6-20f3-11f0-9e35-0a58a9feac02
7cd355b0-42fc-11f0-b8f1-0a58a9feac02,38603bfc-42fa-11f0-882a-0a58a9feac02
7cdb694a-4314-11f0-882a-0a58a9feac02,7cdb10d0-4314-11f0-882a-0a58a9feac02
7d5aecd4-4327-11f0-8b29-0a58a9feac02,7d5a17be-4327-11f0-8b29-0a58a9feac02
7e74b5a4-34af-11f0-81bf-0a58a9feac02,2f0f05ce-2ff4-11f0-976f-0a58a9feac02
7e7c869e-3a36-11f0-8b29-0a58a9feac02,92fb2508-1f74-11f0-b0e8-0a58a9feac02
7f10bd90-42cf-11f0-9c0b-0a58a9feac02,7f10619c-42cf-11f0-9c0b-0a58a9feac02
7f208910-2b27-11f0-976f-0a58a9feac02,f9cd0f88-1a58-11f0-b7af-0a58a9feac02
7f339ad4-42db-11f0-b8f1-0a58a9feac02,ecdddc3a-42da-11f0-81bf-0a58a9feac02
800e1a56-76b2-11ef-81fe-0a58a9feac02,800c36f0-76b2-11ef-81fe-0a58a9feac02
80105c96-429d-11f0-81bf-0a58a9feac02,800ffbe8-429d-11f0-81bf-0a58a9feac02
80bd765a-4320-11f0-9c0b-0a58a9feac02,80bd1a8e-4320-11f0-9c0b-0a58a9feac02
821cf7f8-4322-11f0-8b29-0a58a9feac02,821c9b46-4322-11f0-8b29-0a58a9feac02
82221408-4288-11f0-8b29-0a58a9feac02,82216288-4288-11f0-8b29-0a58a9feac02
827075f6-299e-11f0-ab49-0a58a9feac02,bd6e1c36-f905-11ef-b418-0a58a9feac02
82bb191e-353b-11f0-9c0b-0a58a9feac02,dc09cfb0-1ec0-11f0-8a87-0a58a9feac02
82dc8996-4314-11f0-8b29-0a58a9feac02,2d4bb642-4309-11f0-8b29-0a58a9feac02
82ed86fc-42f5-11f0-b8f1-0a58a9feac02,cdb1d00e-42ef-11f0-9c0b-0a58a9feac02
82ed9d40-4296-11f0-9c0b-0a58a9feac02,f1c3e97c-4282-11f0-9c0b-0a58a9feac02
83286926-95f7-11ef-984a-0a58a9feac02,7552dc74-952e-11ef-aca5-0a58a9feac02
834e9e54-42fc-11f0-882a-0a58a9feac02,834e3eb4-42fc-11f0-882a-0a58a9feac02
837bc870-42d4-11f0-8b29-0a58a9feac02,f3a5c732-42d3-11f0-8b29-0a58a9feac02
83ffb672-4238-11f0-8b29-0a58a9feac02,83ff5a92-4238-11f0-8b29-0a58a9feac02
840e3014-42ae-11f0-b8f1-0a58a9feac02,b08f6cf8-42ad-11f0-81bf-0a58a9feac02
84d17c8e-42ba-11f0-81bf-0a58a9feac02,3e5b6c06-42ba-11f0-9c0b-0a58a9feac02
84df0e9e-4319-11f0-882a-0a58a9feac02,84deb502-4319-11f0-882a-0a58a9feac02
852e92b4-42f3-11f0-b8f1-0a58a9feac02,fee95d4e-42f0-11f0-8b29-0a58a9feac02
858ca144-596d-11ef-a594-0a58a9feac02,8588f828-596d-11ef-a594-0a58a9feac02
85a83e2e-42e0-11f0-8b29-0a58a9feac02,30dcd3e6-42d6-11f0-b8f1-0a58a9feac02
86128ecc-42fa-11f0-882a-0a58a9feac02,3f849726-42e0-11f0-8b29-0a58a9feac02
865c36d6-4295-11f0-882a-0a58a9feac02,375057c2-4293-11f0-882a-0a58a9feac02
867029fc-4295-11f0-882a-0a58a9feac02,375057c2-4293-11f0-882a-0a58a9feac02
8671d55e-4312-11f0-882a-0a58a9feac02,86717bea-4312-11f0-882a-0a58a9feac02
86c0b0f2-76b2-11ef-8057-0a58a9feac02,86be5168-76b2-11ef-8057-0a58a9feac02
86efa95a-42ec-11f0-9c0b-0a58a9feac02,86ef4bae-42ec-11f0-9c0b-0a58a9feac02
872bbf4e-4288-11f0-9c0b-0a58a9feac02,872b5ef0-4288-11f0-9c0b-0a58a9feac02
87e4ca5a-4325-11f0-8b29-0a58a9feac02,38b5fd14-4320-11f0-9c0b-0a58a9feac02
886eb70e-2a4f-11f0-9319-0a58a9feac02,886e633a-2a4f-11f0-9319-0a58a9feac02
88749a14-42d4-11f0-81bf-0a58a9feac02,88743c90-42d4-11f0-81bf-0a58a9feac02
888b8618-097a-11f0-8f48-0a58a9feac02,888b288a-097a-11f0-8f48-0a58a9feac02
89c763a6-4284-11f0-882a-0a58a9feac02,89c6fe16-4284-11f0-882a-0a58a9feac02
8a3166fe-2cd9-11f0-a874-0a58a9feac02,64fb2956-0fc4-11f0-b7af-0a58a9feac02
8af59a98-42ae-11f0-81bf-0a58a9feac02,d4b0b50c-42ac-11f0-8b29-0a58a9feac02
8b8797a6-42cf-11f0-9c0b-0a58a9feac02,3a6c2f02-4073-11f0-8b29-0a58a9feac02
8baea484-299a-11f0-ab49-0a58a9feac02,0e6f8250-243f-11f0-b11a-0a58a9feac02
8bb2dea0-25a8-11f0-b8f3-0a58a9feac02,8bb27348-25a8-11f0-b8f3-0a58a9feac02
8bee21fe-42e5-11f0-8b29-0a58a9feac02,4c37c178-42e5-11f0-b8f1-0a58a9feac02
8cfbbd54-76b2-11ef-81fe-0a58a9feac02,8cf73ef0-76b2-11ef-81fe-0a58a9feac02
8d2e5c7e-42f8-11f0-882a-0a58a9feac02,cbc27bfa-42f3-11f0-882a-0a58a9feac02
8da95678-3cdf-11f0-8b29-0a58a9feac02,21aefeb2-1a68-11f0-b7af-0a58a9feac02
8e20dd52-4053-11f0-8b29-0a58a9feac02,8e2080c8-4053-11f0-8b29-0a58a9feac02
8f54febc-42b8-11f0-b8f1-0a58a9feac02,8f54a642-42b8-11f0-b8f1-0a58a9feac02
90dcb394-1f70-11f0-ab2b-0a58a9feac02,90dc4b2a-1f70-11f0-ab2b-0a58a9feac02
9158a458-25a2-11f0-a1ce-0a58a9feac02,f9a9c814-f5e8-11ef-829f-0a58a9feac02
91add07a-097a-11f0-ac05-0a58a9feac02,91ad4038-097a-11f0-ac05-0a58a9feac02
91c651d0-299c-11f0-ab49-0a58a9feac02,dab58fda-0fd1-11f0-b7af-0a58a9feac02
91d46da6-42f1-11f0-8b29-0a58a9feac02,e13e4c1a-42ef-11f0-8b29-0a58a9feac02
926b0b6a-25bb-11f0-b11a-0a58a9feac02,926a9cd4-25bb-11f0-b11a-0a58a9feac02
93051bda-2ff0-11f0-a874-0a58a9feac02,9304c770-2ff0-11f0-a874-0a58a9feac02
938640dc-1f85-11f0-ab2b-0a58a9feac02,9384ae5c-1f85-11f0-ab2b-0a58a9feac02
93b7cb16-4299-11f0-81bf-0a58a9feac02,1e0750ac-4295-11f0-882a-0a58a9feac02
93ddd972-429f-11f0-81bf-0a58a9feac02,6c833bd2-429b-11f0-9c0b-0a58a9feac02
93e66032-42d7-11f0-8b29-0a58a9feac02,f3a5c732-42d3-11f0-8b29-0a58a9feac02
93eb3626-429f-11f0-81bf-0a58a9feac02,6c833bd2-429b-11f0-9c0b-0a58a9feac02
93ef653e-429f-11f0-81bf-0a58a9feac02,6c833bd2-429b-11f0-9c0b-0a58a9feac02
94548de8-24f3-11f0-8217-0a58a9feac02,94541fa2-24f3-11f0-8217-0a58a9feac02
947b38d8-29be-11f0-a874-0a58a9feac02,4083e9e4-243e-11f0-b11a-0a58a9feac02
94df918c-42cf-11f0-9c0b-0a58a9feac02,d8095d96-4205-11f0-882a-0a58a9feac02
950b8a0c-431b-11f0-882a-0a58a9feac02,950b2c1a-431b-11f0-882a-0a58a9feac02
95475ad2-2ce1-11f0-9319-0a58a9feac02,3eaf4f02-21d5-11f0-ab2b-0a58a9feac02
955e4884-607f-11ef-abce-0a58a9feac02,9ad8ed3a-5f8c-11ef-8255-0a58a9feac02
95b097a8-6631-11ef-9ca2-0a58a9feac02,95ae74dc-6631-11ef-9ca2-0a58a9feac02
97176e86-42ff-11f0-8b29-0a58a9feac02,a4fb22a4-42e6-11f0-b8f1-0a58a9feac02
975fe4da-3ac7-11f0-882a-0a58a9feac02,1d182cfe-3587-11f0-9c0b-0a58a9feac02
97fa3870-03fc-11f0-8747-0a58a9feac02,97f73990-03fc-11f0-8747-0a58a9feac02
98d6c62e-432f-11f0-882a-0a58a9feac02,ac668fac-432b-11f0-8b29-0a58a9feac02
98da3c68-431c-11f0-9c0b-0a58a9feac02,c0e72a6e-431b-11f0-8b29-0a58a9feac02
996dd27c-3573-11f0-882a-0a58a9feac02,996d7d72-3573-11f0-882a-0a58a9feac02
997ea174-3c67-11f0-882a-0a58a9feac02,e8d609f0-2368-11f0-a1ce-0a58a9feac02
99ea58ee-416f-11f0-882a-0a58a9feac02,99e9fd68-416f-11f0-882a-0a58a9feac02
99f5490a-1700-11f0-ac05-0a58a9feac02,99f4e032-1700-11f0-ac05-0a58a9feac02
9aa56100-4301-11f0-b8f1-0a58a9feac02,9aa50408-4301-11f0-b8f1-0a58a9feac02
9b22ca9e-29bd-11f0-9319-0a58a9feac02,9b227760-29bd-11f0-9319-0a58a9feac02
9b8bc62a-0fa5-11f0-ac05-0a58a9feac02,06323db6-0fa5-11f0-8f48-0a58a9feac02
9ba9b870-42a3-11f0-81bf-0a58a9feac02,37b55438-42a2-11f0-9c0b-0a58a9feac02
9bcc8ef8-42c7-11f0-9c0b-0a58a9feac02,46069b1c-42b3-11f0-81bf-0a58a9feac02
9bd0d94a-42c7-11f0-9c0b-0a58a9feac02,46069b1c-42b3-11f0-81bf-0a58a9feac02
9d1571c6-4303-11f0-b8f1-0a58a9feac02,a362f248-42ee-11f0-9c0b-0a58a9feac02
9de3fbae-3723-11f0-9c0b-0a58a9feac02,11c556f2-112d-11f0-ac05-0a58a9feac02
9f123080-430e-11f0-8b29-0a58a9feac02,9f11d4c8-430e-11f0-8b29-0a58a9feac02
a054825a-6631-11ef-903f-0a58a9feac02,a051a85a-6631-11ef-903f-0a58a9feac02
a0da63aa-4288-11f0-8b29-0a58a9feac02,a0da06a8-4288-11f0-8b29-0a58a9feac02
a0ff9296-28d0-11f0-ab49-0a58a9feac02,a0ff80bc-28d0-11f0-ab49-0a58a9feac02
a1165612-429c-11f0-882a-0a58a9feac02,aabc1d02-429a-11f0-9c0b-0a58a9feac02
a1542580-2bd9-11ef-a1ec-0a58a9feac02,a152116e-2bd9-11ef-a1ec-0a58a9feac02
a1a8e91c-42d5-11f0-8b29-0a58a9feac02,f3a5c732-42d3-11f0-8b29-0a58a9feac02
a229a378-299d-11f0-8e2e-0a58a9feac02,67c01550-058f-11f0-8f00-0a58a9feac02
a289979c-3c67-11f0-882a-0a58a9feac02,54598794-2367-11f0-9be1-0a58a9feac02
a2cb79e6-42cf-11f0-9c0b-0a58a9feac02,a2cb1e92-42cf-11f0-9c0b-0a58a9feac02
a3191fc0-431a-11f0-8b29-0a58a9feac02,a318c430-431a-11f0-8b29-0a58a9feac02
a35e6de4-42f4-11f0-b8f1-0a58a9feac02,cbc27bfa-42f3-11f0-882a-0a58a9feac02
a3634e96-42ee-11f0-9c0b-0a58a9feac02,a362f248-42ee-11f0-9c0b-0a58a9feac02
a3ec4582-3c5b-11f0-b8f1-0a58a9feac02,ea0dabe8-236d-11f0-9be1-0a58a9feac02
a4fb7c86-42e6-11f0-b8f1-0a58a9feac02,a4fb22a4-42e6-11f0-b8f1-0a58a9feac02
a532c8aa-0d60-11f0-ac05-0a58a9feac02,a53271ac-0d60-11f0-ac05-0a58a9feac02
a54d903c-42bb-11f0-9c0b-0a58a9feac02,d8290908-42b8-11f0-b8f1-0a58a9feac02
a54f6630-42a9-11f0-b8f1-0a58a9feac02,6c833bd2-429b-11f0-9c0b-0a58a9feac02
a552e38c-42a9-11f0-b8f1-0a58a9feac02,6c833bd2-429b-11f0-9c0b-0a58a9feac02
a557a2aa-42a9-11f0-b8f1-0a58a9feac02,6c833bd2-429b-11f0-9c0b-0a58a9feac02
a5f753fc-3fc7-11f0-882a-0a58a9feac02,839fe864-3fc7-11f0-b8f1-0a58a9feac02
a6536050-0b3f-11f0-88c2-0a58a9feac02,4c28a064-0a44-11f0-bb7e-0a58a9feac02
a83ee906-3c5a-11f0-882a-0a58a9feac02,3122c7e2-236a-11f0-9be1-0a58a9feac02
a86d6060-42f4-11f0-882a-0a58a9feac02,a86d0372-42f4-11f0-882a-0a58a9feac02
a89bd646-5d5a-11ef-b754-0a58a9feac02,01952b90-5c92-11ef-9d67-0a58a9feac02
a8d1fba2-42ee-11f0-8b29-0a58a9feac02,3f849726-42e0-11f0-8b29-0a58a9feac02
a944e738-299a-11f0-976f-0a58a9feac02,4a5d6e3c-243d-11f0-b11a-0a58a9feac02
a9fc99de-431f-11f0-8b29-0a58a9feac02,a9fc3a20-431f-11f0-8b29-0a58a9feac02
aa7faf62-42ad-11f0-b8f1-0a58a9feac02,aa7f4f18-42ad-11f0-b8f1-0a58a9feac02
aaad2eba-42e9-11f0-9c0b-0a58a9feac02,e9ffdf6a-42e7-11f0-8b29-0a58a9feac02
aabc7770-429a-11f0-9c0b-0a58a9feac02,aabc1d02-429a-11f0-9c0b-0a58a9feac02
abbaf4a0-42d4-11f0-9c0b-0a58a9feac02,06fa1950-42d4-11f0-9c0b-0a58a9feac02
ac2184d4-42f9-11f0-b8f1-0a58a9feac02,63584a80-42f9-11f0-8b29-0a58a9feac02
ac4f9c1a-4318-11f0-8b29-0a58a9feac02,ac4f3c48-4318-11f0-8b29-0a58a9feac02
ac66eff6-432b-11f0-8b29-0a58a9feac02,ac668fac-432b-11f0-8b29-0a58a9feac02
ac6d0e12-29be-11f0-8e2e-0a58a9feac02,b9eb41fe-0636-11f0-949f-0a58a9feac02
ad8325f6-42ce-11f0-b8f1-0a58a9feac02,ad82bf08-42ce-11f0-b8f1-0a58a9feac02
adfcb6be-db1d-11ef-a594-0a58a9feac02,adfa6c88-db1d-11ef-a594-0a58a9feac02
aeb6b706-1472-11f0-8f48-0a58a9feac02,aeb65766-1472-11f0-8f48-0a58a9feac02
af40676a-42b9-11f0-9c0b-0a58a9feac02,8f54a642-42b8-11f0-b8f1-0a58a9feac02
af4f3088-3e8b-11f0-8b29-0a58a9feac02,f8d63e3e-146c-11f0-b7af-0a58a9feac02
af61e1b8-42f2-11f0-882a-0a58a9feac02,1d8b3abe-42f2-11f0-b8f1-0a58a9feac02
af7be34e-cc30-11ef-bc79-0a58a9feac02,2c11deb0-c90a-11ef-8d37-0a58a9feac02
b0768cf8-42ab-11f0-882a-0a58a9feac02,b0762f06-42ab-11f0-882a-0a58a9feac02
b08fce96-42ad-11f0-81bf-0a58a9feac02,b08f6cf8-42ad-11f0-81bf-0a58a9feac02
b0b6860e-4301-11f0-b8f1-0a58a9feac02,b0b628da-4301-11f0-b8f1-0a58a9feac02
b17b8152-42cf-11f0-b8f1-0a58a9feac02,b17b2568-42cf-11f0-b8f1-0a58a9feac02
b1fd775a-429f-11f0-9c0b-0a58a9feac02,b1fd0e82-429f-11f0-9c0b-0a58a9feac02
b290d84a-cdc1-11ef-bc79-0a58a9feac02,b28e3a36-cdc1-11ef-bc79-0a58a9feac02
b2c728fc-22c9-11f0-8217-0a58a9feac02,05478920-1797-11f0-b7af-0a58a9feac02
b2e61404-42d8-11f0-81bf-0a58a9feac02,29551fe6-42d8-11f0-81bf-0a58a9feac02
b4054b96-42e4-11f0-b8f1-0a58a9feac02,b404e804-42e4-11f0-b8f1-0a58a9feac02
b4d24d66-1180-11f0-8f48-0a58a9feac02,b4d1cb52-1180-11f0-8f48-0a58a9feac02
b534eb98-3d1c-11f0-9c0b-0a58a9feac02,b5348a18-3d1c-11f0-9c0b-0a58a9feac02
b5fed432-4314-11f0-882a-0a58a9feac02,2d4bb642-4309-11f0-8b29-0a58a9feac02
b61157ba-42ce-11f0-b8f1-0a58a9feac02,f128c644-429c-11f0-81bf-0a58a9feac02
b6132472-42f2-11f0-9c0b-0a58a9feac02,7180e724-42f0-11f0-9c0b-0a58a9feac02
b62cb010-42b9-11f0-b8f1-0a58a9feac02,6597f042-42b9-11f0-b8f1-0a58a9feac02
b62d11a2-42f7-11f0-8b29-0a58a9feac02,fee95d4e-42f0-11f0-8b29-0a58a9feac02
b6a1e3c6-cc30-11ef-bc79-0a58a9feac02,b59c8b3a-cb67-11ef-b3f5-0a58a9feac02
b81c2ee6-42be-11f0-81bf-0a58a9feac02,3e5b6c06-42ba-11f0-9c0b-0a58a9feac02
b81e0afa-297d-11ef-8633-0a58a9feac02,b81c2bc2-297d-11ef-8633-0a58a9feac02
b8f099c6-4140-11f0-b8f1-0a58a9feac02,dfd467fa-413d-11f0-81bf-0a58a9feac02
b928be8e-cdc1-11ef-8d37-0a58a9feac02,b92652b6-cdc1-11ef-8d37-0a58a9feac02
b93bad46-4305-11f0-8b29-0a58a9feac02,f84855b4-4302-11f0-882a-0a58a9feac02
b940a6f2-4305-11f0-8b29-0a58a9feac02,f84855b4-4302-11f0-882a-0a58a9feac02
ba36eebc-4301-11f0-8b29-0a58a9feac02,ba3693fe-4301-11f0-8b29-0a58a9feac02
ba4201dc-4291-11f0-882a-0a58a9feac02,ba419b84-4291-11f0-882a-0a58a9feac02
ba778e74-4205-11f0-8b29-0a58a9feac02,4aadf5ac-3d4f-11f0-81bf-0a58a9feac02
ba96a7c2-42fb-11f0-882a-0a58a9feac02,ba964994-42fb-11f0-882a-0a58a9feac02
bad88c14-42fb-11f0-882a-0a58a9feac02,ba964994-42fb-11f0-882a-0a58a9feac02
baeb4a34-42fb-11f0-882a-0a58a9feac02,ba964994-42fb-11f0-882a-0a58a9feac02
bb6d7dec-42dd-11f0-8b29-0a58a9feac02,73871006-42dd-11f0-b8f1-0a58a9feac02
bc1e5f9a-6791-11ef-ae41-0a58a9feac02,bc1c0484-6791-11ef-ae41-0a58a9feac02
bc24906a-2ff3-11f0-976f-0a58a9feac02,e01f548a-042b-11f0-8747-0a58a9feac02
bc55948a-1180-11f0-8f48-0a58a9feac02,bc5537d8-1180-11f0-8f48-0a58a9feac02
bcb281b0-42f2-11f0-882a-0a58a9feac02,6780fb90-42f2-11f0-b8f1-0a58a9feac02
bccbb64a-4238-11f0-8b29-0a58a9feac02,bccb597a-4238-11f0-8b29-0a58a9feac02
bd499a2a-4322-11f0-882a-0a58a9feac02,bd493922-4322-11f0-882a-0a58a9feac02
bd5e9cbe-429f-11f0-b8f1-0a58a9feac02,375057c2-4293-11f0-882a-0a58a9feac02
bd6cc76e-42ac-11f0-81bf-0a58a9feac02,94520d30-42ac-11f0-81bf-0a58a9feac02
bd6cc942-429f-11f0-b8f1-0a58a9feac02,375057c2-4293-11f0-882a-0a58a9feac02
bd6fe53e-42ac-11f0-81bf-0a58a9feac02,94520d30-42ac-11f0-81bf-0a58a9feac02
bd7472de-42ac-11f0-81bf-0a58a9feac02,94520d30-42ac-11f0-81bf-0a58a9feac02
beac34e6-297d-11ef-9244-0a58a9feac02,beaa3d44-297d-11ef-9244-0a58a9feac02
bef76842-42b0-11f0-81bf-0a58a9feac02,e7123204-42af-11f0-b8f1-0a58a9feac02
bf6ba4ae-42fc-11f0-882a-0a58a9feac02,e55591da-42fb-11f0-882a-0a58a9feac02
bfcc9a1a-42bc-11f0-9c0b-0a58a9feac02,bfcc4448-42bc-11f0-9c0b-0a58a9feac02
c057035c-9d09-11ef-90f2-0a58a9feac02,c054f30a-9d09-11ef-90f2-0a58a9feac02
c063c48c-3b03-11f0-b8f1-0a58a9feac02,368a646e-34a5-11f0-8b29-0a58a9feac02
c0b0b886-42e8-11f0-b8f1-0a58a9feac02,3f849726-42e0-11f0-8b29-0a58a9feac02
c0e784c8-431b-11f0-8b29-0a58a9feac02,c0e72a6e-431b-11f0-8b29-0a58a9feac02
c1089628-4301-11f0-8b29-0a58a9feac02,27ac7e0e-429d-11f0-9c0b-0a58a9feac02
c17c8d32-4291-11f0-9c0b-0a58a9feac02,c17c2e3c-4291-11f0-9c0b-0a58a9feac02
c1acba54-3af6-11f0-8b29-0a58a9feac02,4c5f9348-204d-11f0-8a87-0a58a9feac02
c206ff54-42a9-11f0-b8f1-0a58a9feac02,cbf68b80-42a7-11f0-9c0b-0a58a9feac02
c266dfe4-42ce-11f0-b8f1-0a58a9feac02,fa650d6c-429c-11f0-9c0b-0a58a9feac02
c29c1f04-42a3-11f0-9c0b-0a58a9feac02,f1c3e97c-4282-11f0-9c0b-0a58a9feac02
c397a174-4327-11f0-8b29-0a58a9feac02,38b5fd14-4320-11f0-9c0b-0a58a9feac02
c4808cfc-42fc-11f0-b8f1-0a58a9feac02,c480319e-42fc-11f0-b8f1-0a58a9feac02
c5471a84-42cf-11f0-9c0b-0a58a9feac02,c546b9f4-42cf-11f0-9c0b-0a58a9feac02
c5fc1af2-3a4f-11f0-882a-0a58a9feac02,838f09cc-1e07-11f0-ab2b-0a58a9feac02
c62d1582-430d-11f0-b8f1-0a58a9feac02,c62cac96-430d-11f0-b8f1-0a58a9feac02
c75f189e-3af5-11f0-81bf-0a58a9feac02,17019372-3a3d-11f0-81bf-0a58a9feac02
c782194c-428f-11f0-81bf-0a58a9feac02,efb7a1e4-428e-11f0-81bf-0a58a9feac02
c81ecb7a-4320-11f0-8b29-0a58a9feac02,80bd1a8e-4320-11f0-9c0b-0a58a9feac02
c8768e0e-42a9-11f0-81bf-0a58a9feac02,64d21e50-42a8-11f0-9c0b-0a58a9feac02
c986caa2-299a-11f0-ab49-0a58a9feac02,a3152f48-243c-11f0-b11a-0a58a9feac02
c9c3a6f0-3694-11f0-882a-0a58a9feac02,c9c2d784-3694-11f0-882a-0a58a9feac02
ca39f70a-42d4-11f0-9c0b-0a58a9feac02,88743c90-42d4-11f0-81bf-0a58a9feac02
cab11554-42ae-11f0-8b29-0a58a9feac02,b1fd0e82-429f-11f0-9c0b-0a58a9feac02
cabdf0d8-b985-11ef-8d37-0a58a9feac02,9722915c-b953-11ef-b1c7-0a58a9feac02
cba3c04a-4288-11f0-882a-0a58a9feac02,872b5ef0-4288-11f0-9c0b-0a58a9feac02
cbc2d6f4-42f3-11f0-882a-0a58a9feac02,cbc27bfa-42f3-11f0-882a-0a58a9feac02
cbf6e9c2-42a7-11f0-9c0b-0a58a9feac02,cbf68b80-42a7-11f0-9c0b-0a58a9feac02
cc7d0be2-1471-11f0-b7af-0a58a9feac02,cc7cadf0-1471-11f0-b7af-0a58a9feac02
ccb2e21c-42f2-11f0-b8f1-0a58a9feac02,ccb2d038-42f2-11f0-b8f1-0a58a9feac02
ccf1899a-42cf-11f0-9c0b-0a58a9feac02,99e9fd68-416f-11f0-882a-0a58a9feac02
cd2f1e12-4203-11f0-9c0b-0a58a9feac02,cd2ebd46-4203-11f0-9c0b-0a58a9feac02
cd6e50f0-4320-11f0-882a-0a58a9feac02,cd6df632-4320-11f0-882a-0a58a9feac02
cdb22a2c-42ef-11f0-9c0b-0a58a9feac02,cdb1d00e-42ef-11f0-9c0b-0a58a9feac02
cdb2d1e0-42ac-11f0-882a-0a58a9feac02,94520d30-42ac-11f0-81bf-0a58a9feac02
cdbf465e-4299-11f0-9c0b-0a58a9feac02,cdbee4d4-4299-11f0-9c0b-0a58a9feac02
cdc4576e-417e-11f0-81bf-0a58a9feac02,cdc3f80a-417e-11f0-81bf-0a58a9feac02
cdcb65f4-42e1-11f0-9c0b-0a58a9feac02,cdcb0a6e-42e1-11f0-9c0b-0a58a9feac02
cdcf8bbe-42ac-11f0-882a-0a58a9feac02,94520d30-42ac-11f0-81bf-0a58a9feac02
cdd17252-4299-11f0-9c0b-0a58a9feac02,cdbee4d4-4299-11f0-9c0b-0a58a9feac02
cdd3f456-42ac-11f0-882a-0a58a9feac02,94520d30-42ac-11f0-81bf-0a58a9feac02
cdedf754-4205-11f0-8b29-0a58a9feac02,cded9890-4205-11f0-8b29-0a58a9feac02
ce536fd8-4301-11f0-b8f1-0a58a9feac02,ce53102e-4301-11f0-b8f1-0a58a9feac02
ce5dd3a4-42e0-11f0-8b29-0a58a9feac02,73871006-42dd-11f0-b8f1-0a58a9feac02
cea7f392-42ba-11f0-8b29-0a58a9feac02,8f54a642-42b8-11f0-b8f1-0a58a9feac02
cec240b0-6568-11ef-ac31-0a58a9feac02,cec01eac-6568-11ef-ac31-0a58a9feac02
d01c844c-3c5a-11f0-b8f1-0a58a9feac02,79370a74-236b-11f0-a1ce-0a58a9feac02
d118676a-424c-11f0-882a-0a58a9feac02,d1180cac-424c-11f0-882a-0a58a9feac02
d154e6ea-42ec-11f0-9c0b-0a58a9feac02,41891cb6-42ec-11f0-9c0b-0a58a9feac02
d1870464-42a0-11f0-81bf-0a58a9feac02,4468acf4-42a0-11f0-81bf-0a58a9feac02
d279dd8c-7f24-11ef-b8e5-0a58a9feac02,d2778d70-7f24-11ef-b8e5-0a58a9feac02
d2f9761e-34aa-11f0-8b29-0a58a9feac02,f9e53e1e-2fde-11f0-a874-0a58a9feac02
d35a598c-8a57-11ef-aca5-0a58a9feac02,d3582324-8a57-11ef-aca5-0a58a9feac02
d3ed689a-4310-11f0-882a-0a58a9feac02,43f45af6-4305-11f0-8b29-0a58a9feac02
d40afde8-2136-11f0-9e35-0a58a9feac02,d40a9a24-2136-11f0-9e35-0a58a9feac02
d416bd1a-25c1-11f0-8217-0a58a9feac02,d41652d0-25c1-11f0-8217-0a58a9feac02
d4b11826-42ac-11f0-8b29-0a58a9feac02,d4b0b50c-42ac-11f0-8b29-0a58a9feac02
d4b739ce-3c5b-11f0-81bf-0a58a9feac02,bb5d23b8-236e-11f0-8217-0a58a9feac02
d4c1bc0c-6568-11ef-9ca2-0a58a9feac02,d4bfa3ea-6568-11ef-9ca2-0a58a9feac02
d4c2f958-42e1-11f0-81bf-0a58a9feac02,d4c29a58-42e1-11f0-81bf-0a58a9feac02
d566e7da-42e0-11f0-81bf-0a58a9feac02,d5668c68-42e0-11f0-81bf-0a58a9feac02
d58b9f32-42ac-11f0-81bf-0a58a9feac02,d58b3eac-42ac-11f0-81bf-0a58a9feac02
d6d068ca-25bd-11f0-8217-0a58a9feac02,d6d0007e-25bd-11f0-8217-0a58a9feac02
d7518ee4-4301-11f0-b8f1-0a58a9feac02,200a3f4a-36d3-11f0-81bf-0a58a9feac02
d7535c64-4299-11f0-882a-0a58a9feac02,375057c2-4293-11f0-882a-0a58a9feac02
d7605b62-4299-11f0-882a-0a58a9feac02,375057c2-4293-11f0-882a-0a58a9feac02
d792a544-42c7-11f0-9c0b-0a58a9feac02,6c069152-42c5-11f0-b8f1-0a58a9feac02
d795b32e-42c7-11f0-9c0b-0a58a9feac02,6c069152-42c5-11f0-b8f1-0a58a9feac02
d79a5c62-42c7-11f0-9c0b-0a58a9feac02,6c069152-42c5-11f0-b8f1-0a58a9feac02
d809b9ee-4205-11f0-882a-0a58a9feac02,d8095d96-4205-11f0-882a-0a58a9feac02
d810fd58-42a5-11f0-9c0b-0a58a9feac02,d810a3d0-42a5-11f0-9c0b-0a58a9feac02
d82992f6-42b8-11f0-b8f1-0a58a9feac02,d8290908-42b8-11f0-b8f1-0a58a9feac02
d82a4690-42ec-11f0-b8f1-0a58a9feac02,86ef4bae-42ec-11f0-9c0b-0a58a9feac02
d878260a-9d09-11ef-90f2-0a58a9feac02,d8757414-9d09-11ef-90f2-0a58a9feac02
d87d4106-7f24-11ef-a193-0a58a9feac02,d87a25b6-7f24-11ef-a193-0a58a9feac02
d99e85fc-429e-11f0-9c0b-0a58a9feac02,6c833bd2-429b-11f0-9c0b-0a58a9feac02
d9cb5082-429e-11f0-9c0b-0a58a9feac02,6c833bd2-429b-11f0-9c0b-0a58a9feac02
d9d84d2e-42f7-11f0-882a-0a58a9feac02,cdb1d00e-42ef-11f0-9c0b-0a58a9feac02
d9f077a4-429e-11f0-9c0b-0a58a9feac02,6c833bd2-429b-11f0-9c0b-0a58a9feac02
da0c41aa-8a57-11ef-8d26-0a58a9feac02,da0a10b0-8a57-11ef-8d26-0a58a9feac02
dc2f5b76-2042-11f0-b0e8-0a58a9feac02,b345024c-2042-11f0-a049-0a58a9feac02
dc9eda7c-4299-11f0-9c0b-0a58a9feac02,dc9e82c0-4299-11f0-9c0b-0a58a9feac02
dcc6368e-9d09-11ef-b233-0a58a9feac02,dcc4265a-9d09-11ef-b233-0a58a9feac02
dd6819ce-071f-11f0-8f00-0a58a9feac02,dd6481b0-071f-11f0-8f00-0a58a9feac02
de8b9728-7f24-11ef-a193-0a58a9feac02,de88ce26-7f24-11ef-a193-0a58a9feac02
df302b7a-4207-11f0-882a-0a58a9feac02,df2fc9b4-4207-11f0-882a-0a58a9feac02
e13eaa20-42ef-11f0-8b29-0a58a9feac02,e13e4c1a-42ef-11f0-8b29-0a58a9feac02
e159252c-50c8-11ef-a594-0a58a9feac02,0ac8f884-5000-11ef-b8a3-0a58a9feac02
e1a19024-42d4-11f0-b8f1-0a58a9feac02,0a1a9172-42cb-11f0-8b29-0a58a9feac02
e1e0a264-4301-11f0-b8f1-0a58a9feac02,bccb597a-4238-11f0-8b29-0a58a9feac02
e20540c8-1f8f-11f0-8a87-0a58a9feac02,e204cbca-1f8f-11f0-8a87-0a58a9feac02
e2f72e6a-07e8-11f0-8f00-0a58a9feac02,e2f4e1d2-07e8-11f0-8f00-0a58a9feac02
e3308342-42f6-11f0-882a-0a58a9feac02,a4fb22a4-42e6-11f0-b8f1-0a58a9feac02
e39efcbe-30a4-11f0-ab49-0a58a9feac02,e39e9f3a-30a4-11f0-ab49-0a58a9feac02
e4b6bbe0-4310-11f0-8b29-0a58a9feac02,2d4bb642-4309-11f0-8b29-0a58a9feac02
e4f3f51c-42a4-11f0-81bf-0a58a9feac02,e4f39dd8-42a4-11f0-81bf-0a58a9feac02
e555ea72-42fb-11f0-882a-0a58a9feac02,e55591da-42fb-11f0-882a-0a58a9feac02
e602bc1e-2b65-11f0-976f-0a58a9feac02,e60262c8-2b65-11f0-976f-0a58a9feac02
e612c71a-353a-11f0-882a-0a58a9feac02,5ef90f2c-1ecf-11f0-ab2b-0a58a9feac02
e646bd9e-2136-11f0-a049-0a58a9feac02,e6462550-2136-11f0-a049-0a58a9feac02
e690c624-3567-11f0-b8f1-0a58a9feac02,e69071e2-3567-11f0-b8f1-0a58a9feac02
e70487d8-42d4-11f0-8b29-0a58a9feac02,06fa1950-42d4-11f0-9c0b-0a58a9feac02
e7128f60-42af-11f0-b8f1-0a58a9feac02,e7123204-42af-11f0-b8f1-0a58a9feac02
e72b2594-42bd-11f0-81bf-0a58a9feac02,e72ac02c-42bd-11f0-81bf-0a58a9feac02
e837712c-4290-11f0-882a-0a58a9feac02,37839c86-428e-11f0-8b29-0a58a9feac02
e86d495a-4290-11f0-882a-0a58a9feac02,37839c86-428e-11f0-8b29-0a58a9feac02
e898d1a6-42c2-11f0-81bf-0a58a9feac02,c17c2e3c-4291-11f0-9c0b-0a58a9feac02
e925ae70-431a-11f0-8b29-0a58a9feac02,e9254f5c-431a-11f0-8b29-0a58a9feac02
ea004572-42e7-11f0-8b29-0a58a9feac02,e9ffdf6a-42e7-11f0-8b29-0a58a9feac02
eb9fda00-42ce-11f0-8b29-0a58a9feac02,1b9eb2d0-429d-11f0-882a-0a58a9feac02
ec1c8c12-2b27-11f0-9319-0a58a9feac02,19af5ec2-1a64-11f0-ac05-0a58a9feac02
ec1fcd8c-41e8-11f0-8b29-0a58a9feac02,ec1f704e-41e8-11f0-8b29-0a58a9feac02
ec82a34a-42e1-11f0-9c0b-0a58a9feac02,d5668c68-42e0-11f0-81bf-0a58a9feac02
ecde3b4e-42da-11f0-81bf-0a58a9feac02,ecdddc3a-42da-11f0-81bf-0a58a9feac02
ed6887b2-42c2-11f0-8b29-0a58a9feac02,ed681a0c-42c2-11f0-8b29-0a58a9feac02
ed7af28a-42f4-11f0-b8f1-0a58a9feac02,a86d0372-42f4-11f0-882a-0a58a9feac02
ee2315d0-29b5-11f0-8e2e-0a58a9feac02,ee227b66-29b5-11f0-8e2e-0a58a9feac02
eeafc622-3c59-11f0-b8f1-0a58a9feac02,41ec0a56-2366-11f0-8217-0a58a9feac02
eecc6092-42c7-11f0-9c0b-0a58a9feac02,eecbfb5c-42c7-11f0-9c0b-0a58a9feac02
efb8004e-428e-11f0-81bf-0a58a9feac02,efb7a1e4-428e-11f0-81bf-0a58a9feac02
f07db71c-042c-11f0-8747-0a58a9feac02,f07b1fd4-042c-11f0-8747-0a58a9feac02
f1291e50-429c-11f0-81bf-0a58a9feac02,f128c644-429c-11f0-81bf-0a58a9feac02
f13247e4-1b52-11f0-9e35-0a58a9feac02,f131dd72-1b52-11f0-9e35-0a58a9feac02
f1a95c98-41f0-11f0-9c0b-0a58a9feac02,f0e8765c-41ed-11f0-882a-0a58a9feac02
f1c444ee-4282-11f0-9c0b-0a58a9feac02,f1c3e97c-4282-11f0-9c0b-0a58a9feac02
f1d4789c-299a-11f0-8e2e-0a58a9feac02,796defe4-2118-11f0-ab2b-0a58a9feac02
f26d6c6e-42f9-11f0-882a-0a58a9feac02,449915bc-42f8-11f0-8b29-0a58a9feac02
f2f6d518-42ad-11f0-b8f1-0a58a9feac02,f2f67532-42ad-11f0-b8f1-0a58a9feac02
f318a246-058c-11f0-949f-0a58a9feac02,f315ff50-058c-11f0-949f-0a58a9feac02
f3a6248e-42d3-11f0-8b29-0a58a9feac02,f3a5c732-42d3-11f0-8b29-0a58a9feac02
f41fd036-42a1-11f0-9c0b-0a58a9feac02,f1c3e97c-4282-11f0-9c0b-0a58a9feac02
f476ab34-2c37-11f0-9319-0a58a9feac02,f476590e-2c37-11f0-9319-0a58a9feac02
f4841c34-3c5d-11f0-b8f1-0a58a9feac02,bdee498c-2372-11f0-9be1-0a58a9feac02
f4a12780-4288-11f0-8b29-0a58a9feac02,a0da06a8-4288-11f0-8b29-0a58a9feac02
f5503628-429a-11f0-81bf-0a58a9feac02,aabc1d02-429a-11f0-9c0b-0a58a9feac02
f5a45d6c-57da-11ef-a303-0a58a9feac02,c6884404-5743-11ef-a594-0a58a9feac02
f7b0457e-429b-11f0-882a-0a58a9feac02,4d63ac78-429b-11f0-9c0b-0a58a9feac02
f83c66b6-3a4f-11f0-b8f1-0a58a9feac02,250dbc8a-303c-11f0-976f-0a58a9feac02
f848ae92-4302-11f0-882a-0a58a9feac02,f84855b4-4302-11f0-882a-0a58a9feac02
f89c3ff6-29be-11f0-8e2e-0a58a9feac02,c0981690-0590-11f0-8747-0a58a9feac02
f8a0f0a4-42d3-11f0-81bf-0a58a9feac02,f8a08bdc-42d3-11f0-81bf-0a58a9feac02
f918084e-429f-11f0-882a-0a58a9feac02,f917ab06-429f-11f0-882a-0a58a9feac02
f97d44e2-42b9-11f0-8b29-0a58a9feac02,d8290908-42b8-11f0-b8f1-0a58a9feac02
f9bf2154-42ce-11f0-b8f1-0a58a9feac02,f9beb980-42ce-11f0-b8f1-0a58a9feac02
fa064112-429f-11f0-b8f1-0a58a9feac02,4d63ac78-429b-11f0-9c0b-0a58a9feac02
fa119e3c-2039-11f0-a049-0a58a9feac02,3fcaa20a-1f6f-11f0-ab2b-0a58a9feac02
fa16b83a-429f-11f0-b8f1-0a58a9feac02,4d63ac78-429b-11f0-9c0b-0a58a9feac02
fa1ae5b6-5355-11ef-a303-0a58a9feac02,fa18b494-5355-11ef-a303-0a58a9feac02
fa2449ca-41f3-11f0-9c0b-0a58a9feac02,fa23e386-41f3-11f0-9c0b-0a58a9feac02
fa3bf076-4238-11f0-81bf-0a58a9feac02,fa3b9608-4238-11f0-81bf-0a58a9feac02
fa6566f4-429c-11f0-9c0b-0a58a9feac02,fa650d6c-429c-11f0-9c0b-0a58a9feac02
fba327aa-42be-11f0-8b29-0a58a9feac02,fba2ce4a-42be-11f0-8b29-0a58a9feac02
fbad83f8-42e1-11f0-9c0b-0a58a9feac02,3974c702-42e0-11f0-81bf-0a58a9feac02
fbb5e024-4300-11f0-8b29-0a58a9feac02,fbb57986-4300-11f0-8b29-0a58a9feac02
fcbe4e20-4292-11f0-882a-0a58a9feac02,89c6fe16-4284-11f0-882a-0a58a9feac02
fd2c1280-428c-11f0-8b29-0a58a9feac02,6a4378be-428c-11f0-81bf-0a58a9feac02
fd472fde-4205-11f0-81bf-0a58a9feac02,67efd622-4073-11f0-8b29-0a58a9feac02
fdcc5ed0-4286-11f0-8b29-0a58a9feac02,fdcc0106-4286-11f0-8b29-0a58a9feac02
fe0ccf66-2912-11f0-ab49-0a58a9feac02,fe0c7bb0-2912-11f0-ab49-0a58a9feac02
fe168cea-34ac-11f0-882a-0a58a9feac02,fe16363c-34ac-11f0-882a-0a58a9feac02
fe49e7de-42e4-11f0-b8f1-0a58a9feac02,4ed22dbc-42e3-11f0-b8f1-0a58a9feac02
fe63244c-429e-11f0-81bf-0a58a9feac02,4d63ac78-429b-11f0-9c0b-0a58a9feac02
fe769eb4-429e-11f0-81bf-0a58a9feac02,4d63ac78-429b-11f0-9c0b-0a58a9feac02
fee9b96a-42f0-11f0-8b29-0a58a9feac02,fee95d4e-42f0-11f0-8b29-0a58a9feac02
ffbbc780-34b2-11f0-882a-0a58a9feac02,f75850f8-2b3f-11f0-9319-0a58a9feac02
